15
1 카멜리아힐 33.288971 126.370092 0.498467742
2 천지연폭포 33.253950 126.559624 0.000725807
3 주상절리대 33.237809 126.425003 20.02419355
4 성산일출봉 33.458573 126.942535 33.54604839
5 우도(항만) 33.472159 126.933229 50.51209677
6 테디베어박물관 33.251652 126.414257 70.76532259
7 사려니숲길 33.436828 126.677245 167.29
8 이중섭거리 33.245885 126.564903 15.1158871
9 월정리해변 33.555953 126.796168 1.83
10 성읍민속마을 33.386225 126.799647 0.883629032
11 제주민속촌 33.322482 126.841558 36.78766129
12 휴애리자연생활공원 33.308711 126.634306 0.001451613
13 한라산 33.361809 126.528952 12.17395161
14 에코랜드 33.442617 126.667056 118.4801613
15 제주절물자연휴양림 33.440288 126.629931 3.297419355