15
1 카멜리아힐 33.288971 126.370092 0.246913086
2 천지연폭포 33.253950 126.559624 0.000282265
3 주상절리대 33.237809 126.425003 9.511376235
4 성산일출봉 33.458573 126.942535 15.14320784
5 우도(항만) 33.472159 126.933229 22.72942289
6 테디베어박물관 33.251652 126.414257 33.69606237
7 사려니숲길 33.436828 126.677245 42.11719111
8 이중섭거리 33.245885 126.564903 8.340075886
9 월정리해변 33.555953 126.796168 0.854023826
10 성읍민속마을 33.386225 126.799647 0.45584987
11 제주민속촌 33.322482 126.841558 17.67928884
12 휴애리자연생활공원 33.308711 126.634306 0.000309147
13 한라산 33.361809 126.528952 8.463221095
14 에코랜드 33.442617 126.667056 47.47263703
15 제주절물자연휴양림 33.440288 126.629931 1.369112955