15
1 카멜리아힐 33.288971 126.370092 0.288516129
2 천지연폭포 33.253950 126.559624 0.000645162
3 주상절리대 33.237809 126.425003 17.16341936
4 성산일출봉 33.458573 126.942535 19.10232258
5 우도(항만) 33.472159 126.933229 29.94735484
6 테디베어박물관 33.251652 126.414257 65.33290323
7 사려니숲길 33.436828 126.677245 12.54935484
8 이중섭거리 33.245885 126.564903 20.22432258
9 월정리해변 33.555953 126.796168 1.386451613
10 성읍민속마을 33.386225 126.799647 0.466580645
11 제주민속촌 33.322482 126.841558 38.28703226
12 휴애리자연생활공원 33.308711 126.634306 0.000129032
13 한라산 33.361809 126.528952 8.689612904
14 에코랜드 33.442617 126.667056 50.25864516
15 제주절물자연휴양림 33.440288 126.629931 1.808