15
1 카멜리아힐 33.288971 126.370092 1.021290323
2 천지연폭포 33.253950 126.559624 0.001048387
3 주상절리대 33.237809 126.425003 26.47798387
4 성산일출봉 33.458573 126.942535 66.69129032
5 우도(항만) 33.472159 126.933229 96.57314516
6 테디베어박물관 33.251652 126.414257 111.988629
7 사려니숲길 33.436828 126.677245 201.1326613
8 이중섭거리 33.245885 126.564903 22.9333871
9 월정리해변 33.555953 126.796168 3.028064516
10 성읍민속마을 33.386225 126.799647 2.334274194
11 제주민속촌 33.322482 126.841558 46.24741936
12 휴애리자연생활공원 33.308711 126.634306 0.001290323
13 한라산 33.361809 126.528952 26.26137097
14 에코랜드 33.442617 126.667056 190.8745968
15 제주절물자연휴양림 33.440288 126.629931 4.684193548