15
1 카멜리아힐 33.288971 126.370092 0.88
2 천지연폭포 33.253950 126.559624 0.0025
3 주상절리대 33.237809 126.425003 1.1475
4 성산일출봉 33.458573 126.942535 83.3525
5 우도(항만) 33.472159 126.933229 127.7875
6 테디베어박물관 33.251652 126.414257 111.4675
7 사려니숲길 33.436828 126.677245 80.515
8 이중섭거리 33.245885 126.564903 11.9525
9 월정리해변 33.555953 126.796168 2.46
10 성읍민속마을 33.386225 126.799647 0.925
11 제주민속촌 33.322482 126.841558 37.3125
12 휴애리자연생활공원 33.308711 126.634306 0.01
13 한라산 33.361809 126.528952 15.185
14 에코랜드 33.442617 126.667056 185.3925
15 제주절물자연휴양림 33.440288 126.629931 1.7625