15
1 카멜리아힐 33.288971 126.370092 1.023306452
2 천지연폭포 33.253950 126.559624 0.000564516
3 주상절리대 33.237809 126.425003 26.79395161
4 성산일출봉 33.458573 126.942535 47.96508065
5 우도(항만) 33.472159 126.933229 71.81637097
6 테디베어박물관 33.251652 126.414257 117.8005645
7 사려니숲길 33.436828 126.677245 102.0140323
8 이중섭거리 33.245885 126.564903 26.99459677
9 월정리해변 33.555953 126.796168 3.074516129
10 성읍민속마을 33.386225 126.799647 1.316774194
11 제주민속촌 33.322482 126.841558 50.06258065
12 휴애리자연생활공원 33.308711 126.634306 0.000403226
13 한라산 33.361809 126.528952 22.28879032
14 에코랜드 33.442617 126.667056 157.4534677
15 제주절물자연휴양림 33.440288 126.629931 4.561935484